3
7
12
15
20
23
28
31
35
39
42
46
50
53
57
60
63
66
70
73
76
79
82
85
88
91
94
97
99
102
105
108
110
113
115
118
120
123
125
127
130
132
134
136
138
141
142
145
147
149
151
152
155
157
159
160
162
164
166
168
169
171
173
174
176
177
179
181
182
184
185
187
188
193
191
192
194
195
196
198
199
200
201
202
204
205
206
207
208
210
210
212
213
214
215
216
217
218
219
220
221
222
223
224
225
225
227
227
228
229
230
231
232
232
234
234
235
236
236
237
237
238
239
240
241
241
242
243
243
244
244
245
246
246
247
248
248
249
249
250
250
251
251
252
252
253
254
254
254
254
255
256
256
257
257
257
258
258
258
259
259
260
260
260
260
261
261
262
262
262
262
263
263
263
264
264
264
264
265
265
266
265
266
266
266
266
267
267
267
268
270
268
268
268
268
269
269
269
269
269
270
270
270
270
270
270
271
271
271
271
271
272
272
272
272
272
272
272
272
273
273
273
273
273
273
273
273
273
274
274
274
274
274
274
274
274
274
275
275
275
275
278
275
275
275
275
275
275
276
276
276
276
276
276
276
276
276
276
276
276
276
276
276
276
276
276
277
276
276
277
277
276
276
276
276
277
277
277
277
276
277
277
277
277
277
277
277
277
277
277
276
277
277
277
277
277
276
277
277
278
277
277
277
277
277
277
277
277
277
276
276
277
277
277
276
277
276
276
276
276
276
276
276
276
276
276
276
276
276
276
276
276
276
276
276
276
276
276
275
276
276
275
276
275
275
275
275
275
275
275
275
275
275
275
275
275
275
275
275
275
274
274
274
274
274
274
274
274
274
274
274
274
274
274
273
273
274
273
273
273
273
273
273
273
273
273
273
273
273
272
272
272
272
268
272
272
272
272
272
272
272
271
272
271
271
271
271
271
271
271
271
271
270
270
270
270
270
270
270
270
270
270
270
270
269
270
269
269
270
267
269
269
268
268
269
269
268
269
268
268
268
268
268
268
268
267
267
267
267
267
267
267
267
266
267
267
266
266
266
266
266
266
266
266
265
266
265
265
265
265
265
265
265
265
265
264
264
264
264
264
264
264
264
264
264
263
264
263
263
263
263
263
263
262
262
262
262
262
262
262
262
262
262
261
261
261
261
261
261
261
261
260
260
261
260
260
260
260
259
260
259
259
259
259
259
259
259
259
258
258
258
258
257
258
258
257
258
257
257
257
257
257
257
257
260
256
256
256
256
256
256
256
256
255
255
255
255
255
254
254
254
254
254
254
254
254
254
253
254
254
253
253
253
253
253
252
252
252
252
252
252
252
252
251
251
251
251
251
251
251
251
251
250
250
250
250
250
250
250
250
249
249
249
249
249
249
249
249
248
249
248
248
248
248
248
247
248
247
247
247
247
246
247
246
246
246
246
246
246
246
246
246
245
245
245
245
245
245
245
245
244
245
244
244
244
244
243
244
244
243
243
243
243
243
243
242
242
242
242
242
241
242
241
241
241
241
241
241
241
240
240
240
240
240
240
240
240
240
240
239
239
239
239
238
238
239
238
238
238
238
238
238
238
238
238
238
237
237
237
237
236
237
236
236
236
236
236
236
236
236
236
235
235
235
235
235
235
236
234
234
234
234
234
234
235
234
233
233
233
233
233
233
233
233
232
232
232
232
232
232
232
232
232
231
231
231
231
231
231
231
231
230
230
230
230
230
230
230
230
230
229
229
229
229
229
229
229
224
229
229
229
229
228
228
228
228
228
227
227
228
227
228
227
227
227
227
227
227
227
226
226
226
226
226
226
226
226
226
226
226
226
225
225
225
225
225
225
225
225
225
225
225
225
225
224
224
225
224
224
224
224
224
224
224
223
224
223
223
223
223
223
224
223
223
223
222
222
223
222
222
222
222
222
222
222
222
222
221
221
221
221
221
221
221
221
221
221
220
221
220
220
220
220
220
220
219
219
219
219
219
219
219
219
219
218
218
218
218
218
218
217
218
218
217
217
217
217
217
217
216
217
217
216
216
216
216
216
216
216
216
216
216
215
215
215
215
215
215
215
217
215
215
215
215
214
214
214
214
214
214
214
214
214
213
213
213
214
213
214
213
214
213
213
213
213
213
213
213
213
212
213
213
212
213
212
212
212
212
212
212
212
212
212
212
212
212
211
212
212
211
212
211
211
211
211
211
211
211
211
211
211
211
211
210
210
210
210
210
211
210
210
210
210
210
210
210
210
210
210
209
210
209
209
210
209
209
209
209
209
209
209
209
209
209
209
209
209
209
209
208
208
208
209
208
208
208
208
208
208
208
208
208
205
208
208
208
208
208
208
210
208
208
208
208
207
208
205
207
208
208
207
207
207
208
207
207
207
207
207
207
208
207
207
206
206
207
207
207
207
206
207
206
207
207
207
207
206
206
206
206
206
206
206
206
206
206
206
206
207
206
206
206
206
206
206
206
206
206
206
206
206
206
206
206
206
206
206
206
206
206
206
206
206
206
206
206
206
206
206
206
206
206
206
206
206
206
206
206
206
206
206
206
206
206
206
206
206
206
206
206
206
206
206
206
206
206
206
206
206
206
206
206
206
205
206
206
206
206
206
206
206
206
206
206
206
206
206
206
206
206
206
206
206
206
206
206
206
206
206
206
206
206
206
206
206
206
206
206
207
207
206
206
207
207
206
207
206
207
207
207
207
207
207
207
207
207
207
207
207
207
207
207
207
207
207
207
207
207
208
207
207
207
207
207
207
207
208
208
208
208
207
207
208
208
208
208
208
208
208
208
208
208
209
208
208
208
208
208
208
209
208
208
209
208
208
209
209
209
209
209
209
209
209
209
209
209
209
209
209
209
211
209
210
210
210
210
210
210
210
210
210
210
210
210
210
210
210
211
210
210
211
212
211
211
211
211
211
211
211
211
211
212
212
212
212
212
212
212
212
212
212
212
212
213
212
213
213
213
213
213
213
213
213
213
213
213
213
213
213
214
214
214
214
214
214
214
214
214
214
214
214
214
214
215
215
215
215
215
215
215
215
216
215
216
216
216
216
216
216
216
217
216
216
216
216
216
217
220
217
217
217
217
217
217
220
217
217
217
218
218
218
218
218
218
218
218
218
218
214
219
218
219
219
219
219
219
219
219
219
219
219
220
220
220
220
220
220
220
220
220
220
220
221
221
221
221
221
221
221
222
221
221
222
222
222
222
222
222
222
223
223
223
223
223
223
223
223
223
223
223
224
223
224
221
224
224
224
224
224
225
224
225
225
225
225
225
225
225
225
225
226
226
226
226
226
226
226
226
226
227
227
227
227
227
227
227
227
227
228
228
228
228
228
228
229
228
229
228
229
229
229
228
229
229
230
230
230
230
233
230
230
230
230
231
231
230
231
231
231
231
232
232
232
232
232
232
232
232
232
232
233
233
233
233
233
233
233
233
234
234
234
234
235
234
234
234
234
235
235
230
235
235
235
235
236
235
236
236
236
236
236
236
237
237
237
237
237
237
237
237
238
238
238
238
238
238
238
238
239
239
238
239
239
239
239
240
239
240
240
240
241
240
240
241
240
241
241
237
241
241
242
242
242
242
242
242
242
243
243
243
243
243
243
244
243
244
244
244
244
244
244
245
245
245
245
245
245
245
246
246
246
246
246
246
246
246
246
247
245
247
247
247
247
247
248
249
248
248
248
248
248
248
248
249
248
249
249
249
249
249
249
249
250
250
250
250
250
250
250
250
251
251
251
251
251
251
251
251
251
252
252
252
252
252
252
252
256
252
253
253
253
253
253
253
253
253
254
254
254
254
254
254
254
254
254
255
255
255
255
255
255
256
256
256
256
256
256
256
257
257
258
257
257
257
257
257
257
257
257
258
258
258
258
258
258
259
258
258
259
259
259
259
259
259
259
260
260
260
260
260
260
260
260
261
264
261
261
261
261
261
262
260
262
262
262
262
262
262
262
262
262
263
263
263
263
263
263
264
263
264
264
264
264
264
264
264
264
264
265
265
265
265
265
265
265
268
266
266
266
266
266
266
266
266
266
266
266
267
267
267
267
267
267
267
267
267
268
268
268
268
268
268
269
268
269
269
268
269
269
269
269
269
269
270
270
270
270
270
270
270
270
270
270
270
271
271
271
271
271
272
271
271
272
272
271
272
275
272
272
272
272
273
272
272
273
272
273
273
273
273
273
273
274
274
274
274
274
274
274
275
274
274
274
278
275
275
275
275
275
275
275
275
275
275
275
275
276
276
276
276
276
276
276
276
277
276
277
277
276
277
277
277
277
277
277
277
277
274
277
277
277
278
278
278
278
278
278
278
278
278
278
278
278
279
279
279
279
280
279
279
279
280
280
279
280
280
280
280
280
280
280
280
280
280
280
280
280
280
281
281
280
281
281
281
278
281
281
281
281
281
282
281
281
282
282
282
282
282
282
282
282
282
282
282
282
282
282
282
282
283
282
282
283
283
283
283
283
283
283
283
283
283
283
283
284
283
284
283
283
284
283
284
284
284
284
284
284
284
284
284
284
284
284
284
284
284
285
284
284
285
284
285
285
285
284
285
285
285
286
285
285
285
285
285
285
285
285
285
285
285
285
285
286
285
285
285
286
285
288
286
285
286
286
286
286
286
286
286
286
286
286
286
286
286
286
286
286
286
286
286
286
286
286
286
286
286
286
286
286
286
286
286
286
286
287
286
287
286
287
287
286
287
287
287
286
286
286
286
287
287
286
287
286
287
287
287
287
287
287
287
287
287
287
287
287
286
287
286
287
287
287
287
287
286
287
287
286
287
287
287
287
287
287
287
286
287
287
286
287
287
287
287
286
287
286
287
287
287
287
287
286
287
287
286
286
287
286
286
286
286
287
286
286
286
286
286
287
286
287
286
286
286
286
286
286
286
286
286
286
286
286
286
286
286
286
286
286
286
286
286
286
286
286
286
286
286
285
285
285
285
286
286
285
285
285
286
286
285
285
285
285
285
285
285
285
285
285
285
285
285
285
285
285
285
284
285
285
285
285
285
285
284
284
285
284
280
284
284
284
284
284
284
284
284
284
284
284
284
282
284
284
284
283
284
283
283
283
283
283
284
283
283
283
283
283
283
282
283
283
282
283
282
282
282
282
282
282
282
282
282
282
282
282
282
282
282
282
282
282
281
281
281
281
281
281
281
281
281
281
281
280
281
280
280
280
280
280
280
283
280
280
280
280
280
280
280
280
280
279
279
280
279
279
279
279
279
279
279
279
278
279
278
278
278
278
278
278
278
278
278
278
278
278
277
277
277
277
277
275
277
277
277
277
276
277
276
276
276
276
276
276
276
276
276
276
276
276
275
275
276
275
275
275
275
275
275
274
274
274
274
274
274
274
274
274
274
273
274
273
273
273
273
273
273
273
273
273
272
273
273
272
274
272
272
272
272
272
272
271
271
271
271
271
271
271
271
270
271
270
270
270
270
270
270
270
270
270
269
269
269
269
269
269
269
269
268
268
268
268
268
268
268
268
268
267
268
267
267
267
267
267
267
266
266
268
266
266
266
266
266
266
265
265
265
265
265
265
265
265
265
265
264
264
264
264
264
264
264
264
263
263
263
263
263
263
263
262
263
262
262
262
262
262
262
262
261
261
261
261
261
261
261
261
260
260
260
260
260
260
260
260
260
260
260
259
259
259
259
259
259
258
258
258
258
258
258
258
258
257
257
257
257
257
257
257
256
257
256
256
256
256
256
256
256
256
255
255
255
255
255
254
254
254
254
254
254
254
254
254
254
253
253
253
253
253
253
253
252
252
252
252
252
252
252
251
251
251
251
251
251
251
250
250
250
250
250
251
250
249
250
249
249
249
249
249
249
249
248
248
249
248
248
248
248
248
247
247
247
247
247
247
246
247
246
246
246
246
246
246
246
245
245
245
245
245
245
244
244
244
244
244
244
244
244
243
244
244
243
244
243
242
242
242
242
243
239
242
242
242
242
242
241
241
241
241
241
241
241
241
240
240
240
240
240
240
240
239
239
239
239
239
239
238
238
238
238
238
238
238
238
237
238
237
237
237
237
237
237
237
236
236
236
236
236
236
236
236
236
235
235
235
235
235
235
234
234
234
234
234
234
234
234
233
233
234
233
233
230
233
232
233
232
232
232
232
232
232
232
232
232
231
231
231
231
231
231
230
230
230
230
230
230
230
230
229
229
229
229
229
229
230
229
229
229
228
228
228
228
228
228
227
227
227
227
227
227
227
227
227
226
227
226
226
226
226
226
226
226
225
225
225
225
225
225
225
224
225
225
225
224
224
224
224
224
224
224
224
223
223
223
223
223
219
223
222
222
222
222
222
222
222
222
222
221
221
217
221
221
221
221
221
221
220
220
220
220
220
220
219
220
220
220
220
219
219
219
219
218
219
219
219
218
218
218
218
218
218
218
218
218
218
217
217
218
218
217
217
217
217
217
217
217
217
216
217
216
216
216
216
216
216
216
216
216
216
215
216
215
215
215
215
215
215
215
214
215
214
214
214
214
214
214
214
214
214
214
214
214
213
213
213
213
213
213
213
213
213
213
212
213
212
212
212
214
212
212
212
212
212
212
212
211
211
211
211
211
214
211
211
211
211
210
211
210
210
210
210
210
210
210
210
210
210
210
209
209
209
209
209
209
209
209
209
209
209
209
208
208
208
208
208
208
208
208
208
208
208
208
208
208
208
208
207
207
207
207
207
207
207
207
207
207
207
207
207
207
206
206
206
206
206
206
206
206
206
206
206
205
206
206
206
206
206
206
206
206
206
206
206
206
204
205
206
205
205
205
205
205
205
205
205
205
205
201
205
205
205
205
205
205
205
205
205
205
205
205
205
205
204
204
205
204
204
205
204
205
204
204
204
204
204
204
204
204
204
205
204
204
204
204
204
204
204
204
204
204
203
204
204
204
204
204
204
204
204
204
204
203
204
204
203
202
204
203
204
204
203
204
203
203
204
203
204
203
203
204
203
203
203
203
203
203
203
203
203
203
203
203
203
203
204
204
203
204
203
203
203
203
203
204
203
203
203
203
204
203
203
204
204
204
204
203
204
203
203
204
204
204
203
204
203
204
204
204
204
204
204
204
204
204
204
204
203
204
204
203
204
204
203
204
204
204
204
204
204
204
204
204
204
204
204
204
204
204
204
204
204
202
204
204
204
204
204
204
204
204
204
204
204
204
205
204
204
204
204
204
204
204
204
205
205
205
204
204
204
204
205
205
205
201
205
205
205
205
205
205
205
205
204
205
204
205
207
205
205
205
205
205
205
206
205
205
205
205
206
205
205
206
206
206
206
206
206
206
206
206
206
206
206
206
206
206
206
206
206
206
206
206
206
206
206
206
206
207
206
207
207
207
207
208
207
207
207
207
207
207
207
207
208
208
207
208
208
208
208
208
208
208
208
208
208
208
210
208
208
208
208
209
209
207
209
209
209
209
209
209
209
209
209
209
209
210
210
209
210
210
210
210
210
210
210
210
210
210
210
210
210
211
211
211
211
211
211
211
211
211
211
212
211
211
212
212
212
212
212
212
212
212
212
212
212
212
212
213
213
213
213
213
213
214
213
213
214
213
213
214
214
214
214
210
214
214
214
214
215
215
215
215
215
215
215
215
215
216
216
216
216
216
216
216
216
217
217
217
217
217
217
217
217
218
217
218
218
218
218
218
218
219
218
218
219
219
219
219
219
219
220
219
220
220
220
220
220
220
220
221
217
221
221
221
221
221
222
222
221
222
222
222
222
222
222
222
223
222
223
226
223
223
223
223
223
224
224
224
224
224
224
224
224
225
225
225
225
225
226
225
225
226
226
226
226
226
226
226
226
226
227
227
227
227
227
227
227
228
228
227
228
228
228
228
228
228
228
228
229
229
229
229
230
229
229
230
230
230
230
230
230
230
230
230
231
230
231
231
231
231
231
232
232
232
232
232
232
232
232
232
232
233
233
233
233
233
233
234
233
234
234
234
234
234
230
234
234
235
235
235
235
235
235
235
236
236
236
236
236
236
236
236
237
239
237
237
237
237
237
237
238
238
238
238
238
238
238
238
239
239
239
239
239
239
239
240
240
240
236
240
240
240
240
241
241
241
241
241
241
241
242
241
242
242
242
242
242
243
242
243
243
243
243
244
244
244
244
244
244
244
244
244
244
245
245
245
245
245
246
246
246
246
246
246
246
246
246
247
247
247
247
248
248
248
248
248
248
248
248
248
248
251
249
249
249
249
249
249
249
249
250
250
250
250
250
250
250
250
251
251
251
251
252
251
252
252
251
252
252
252
252
252
253
253
253
252
253
253
253
254
253
254
254
254
254
254
254
254
255
255
255
254
255
255
255
255
256
256
256
256
256
256
257
256
257
257
257
257
257
257
253
258
258
258
258
258
258
258
258
259
259
259
259
259
259
259
260
260
260
260
260
260
260
260
261
260
261
261
261
261
261
261
262
261
262
261
262
262
262
262
262
262
262
262
266
263
263
263
263
264
264
264
264
264
264
264
264
264
265
264
265
265
265
265
265
265
265
265
265
266
266
266
266
266
266
266
266
266
266
266
267
267
267
267
267
267
268
268
270
268
268
268
268
268
269
269
269
269
269
269
269
269
269
269
270
270
270
270
270
270
270
270
270
270
270
270
271
271
271
271
271
271
272
272
271
272
272
272
272
272
272
272
272
272
273
272
273
273
273
273
273
273
273
273
274
274
273
274
274
274
274
274
274
274
275
274
275
275
274
275
275
275
275
275
275
275
276
276
276
276
276
276
276
276
276
276
276
276
276
276
277
277
277
277
277
277
277
277
277
277
277
277
278
278
278
278
278
278
278
278
278
278
278
278
278
279
278
279
279
279
279
279
279
279
279
280
279
279
279
279
279
280
280
280
280
280
280
280
280
280
280
281
280
280
281
280
281
281
281
281
281
281
281
281
281
281
281
281
282
281
281
281
281
282
282
282
282
282
282
282
282
282
282
282
282
282
282
282
283
285
282
282
282
283
283
278
283
283
283
283
283
283
283
283
283
283
283
284
284
283
283
284
284
284
284
284
284
284
284
284
284
284
284
284
284
284
284
284
284
284
284
284
284
284
284
284
284
285
285
285
285
285
285
285
285
285
285
285
285
285
285
281
285
285
285
285
285
285
285
285
285
285
285
285
285
285
286
285
285
285
285
285
286
285
285
286
286
285
286
285
285
286
284
286
286
286
286
286
286
286
286
286
286
286
286
286
286
286
286
286
286
286
286
287
286
286
286
286
286
287
287
286
287
287
287
287
287
287
287
287
287
287
287
286
287
287
287
287
287
287
287
287
287
287
287
287
287
287
287
287
287
287
287
287
287
287
287
287
287
287
287
287
287
287
287
287
287
287
287
287
287
287
287
286
287
286
287
287
286
286
286
286
286
286
286
286
286
286
286
286
286
285
286
286
286
286
285
286
286
286
285
285
285
285
285
285
285
285
285
285
285
285
285
285
285
285
285
285
284
285
284
285
286
284
284
285
284
284
284
284
284
284
284
284
284
284
284
284
284
284
284
284
284
284
283
284
284
283
283
283
283
283
283
283
283
283
283
283
283
281
283
283
283
283
283
283
282
282
282
282
282
282
282
282
282
282
282
282
282
282
282
282
282
282
281
281
281
281
281
281
283
281
281
281
281
281
281
281
281
281
281
281
280
280
280
280
280
280
280
280
280
280
280
280
280
279
279
279
279
279
279
279
279
279
279
278
279
278
278
278
278
278
278
278
278
278
278
278
277
281
277
277
277
277
277
277
277
277
277
277
276
276
276
276
276
276
276
276
276
276
275
276
275
275
275
275
275
275
275
275
275
275
275
275
274
274
277
274
274
274
274
274
274
274
274
273
273
273
273
273
273
273
273
273
273
272
273
272
272
272
272
272
272
272
272
272
272
272
271
271
271
271
271
271
271
270
270
270
270
266
270
270
270
270
270
269
270
269
269
269
269
269
269
269
269
268
268
268
268
268
268
268
268
268
267
267
268
267
267
267
267
267
266
266
266
266
266
266
266
266
266
265
265
265
265
265
265
265
265
265
264
264
264
264
264
264
264
264
264
264
263
263
263
263
263
262
262
263
262
262
262
262
262
262
261
261
261
261
261
261
261
261
261
260
261
261
260
260
260
260
260
260
260
259
259
259
259
259
258
259
258
258
258
258
258
258
258
257
257
256
257
257
257
257
257
256
256
256
256
256
256
256
256
255
255
255
255
255
254
254
254
254
254
254
254
254
254
254
253
253
253
253
253
253
253
253
252
252
252
252
252
252
252
251
252
251
251
251
251
251
251
250
251
250
250
250
250
250
250
249
249
249
249
249
249
249
245
249
248
248
249
248
249
248
248
248
248
248
248
247
247
247
247
247
247
247
246
246
246
246
246
246
245
246
245
245
245
245
245
245
245
245
244
244
244
244
244
244
244
243
244
243
243
243
243
243
242
242
242
242
242
242
242
242
242
241
241
241
241
241
241
240
241
240
240
240
240
240
239
238
239
239
239
239
239
237
238
238
238
238
238
238
238
238
237
238
237
237
237
237
237
237
237
236
236
236
236
236
236
236
236
235
235
235
235
235
235
234
234
234
234
234
234
234
234
234
233
233
233
233
233
233
233
233
232
232
232
232
232
232
232
232
231
231
232
231
231
231
230
231
231
230
230
230
230
230
230
230
229
229
229
229
229
229
229
229
228
228
228
228
228
228
228
228
228
227
228
227
227
227
226
226
222
226
226
226
226
226
226
225
226
226
225
225
225
225
225
225
225
225
225
224
224
224
224
224
224
224
224
223
223
223
223
223
223
223
223
222
223
222
222
222
222
222
222
222
221
222
222
221
221
221
221
221
221
221
221
221
220
220
220
220
220
220
220
220
220
219
219
219
219
219
219
219
219
221
218
219
218
218
218
218
218
218
218
218
218
218
217
217
217
217
217
217
217
217
217
217
217
216
217
216
216
216
216
217
216
216
216
216
216
219
215
215
215
215
215
211
215
215
215
215
215
214
215
214
214
214
214
215
214
214
214
214
214
215
214
214
214
214
213
214
213
213
213
213
213
213
213
213
213
213
213
213
213
212
213
213
212
214
212
212
212
212
212
212
212
212
212
212
212
211
212
211
211
211
211
209
211
211
211
211
211
211
211
210
211
210
210
211
210
210
210
210
210
209
210
210
210
210
210
209
209
209
209
209
209
208
209
209
209
209
209
208
209
209
209
208
208
208
208
208
208
208
208
207
208
208
208
208
208
208
207
207
208
207
207
208
207
207
207
207
207
208
207
207
207
207
207
207
207
207
207
206
