185
284
337
316
232
126
47
35
96
200
297
338
306
215
109
39
41
113
219
309
338
294
196
93
34
49
130
238
319
335
279
176
77
31
60
149
256
328
330
263
157
64
31
72
168
273
334
323
245
138
53
33
86
188
288
337
313
227
120
44
37
102
207
301
338
302
209
103
37
44
119
226
313
337
288
188
87
33
52
137
245
322
334
273
169
73
30
64
156
262
330
328
260
150
60
31
77
175
278
335
320
239
132
49
34
91
194
293
338
309
220
114
40
39
108
214
306
338
297
201
97
35
46
125
233
316
337
284
181
82
32
56
144
250
325
332
268
162
68
30
68
162
268
333
324
248
140
54
32
85
185
286
337
315
229
122
45
36
100
205
300
339
303
210
105
37
42
117
224
311
338
290
191
89
33
51
135
243
321
334
275
172
74
31
62
153
260
329
329
259
152
61
31
75
173
276
335
321
241
134
51
33
90
192
291
338
310
222
116
42
38
106
212
304
338
299
204
99
36
45
123
230
315
336
285
184
84
32
55
141
249
324
333
270
165
70
31
67
160
266
331
326
253
146
57
31
80
180
281
336
317
235
127
47
35
96
199
296
338
307
216
110
40
40
112
218
308
338
294
197
93
34
48
131
237
319
336
280
177
78
31
59
148
256
327
331
264
158
65
31
71
168
271
334
324
247
139
53
33
85
186
286
337
311
228
122
44
37
97
206
301
338
302
209
104
37
43
118
221
312
338
289
189
91
33
52
136
244
323
334
274
170
74
31
63
155
261
330
328
258
149
59
31
77
176
279
336
320
238
130
49
34
93
196
293
338
309
219
113
41
39
109
214
306
338
297
200
96
35
47
126
234
317
336
282
180
81
32
57
145
252
326
332
267
161
67
30
69
164
269
332
325
250
143
55
32
83
183
284
337
316
231
124
46
35
98
203
298
338
305
213
107
38
42
115
221
310
338
292
193
91
33
50
133
240
320
335
277
174
76
31
61
151
258
328
329
261
154
63
30
73
170
275
334
322
243
136
52
33
88
190
289
338
312
225
118
43
37
104
209
303
338
300
206
101
36
45
121
228
314
337
287
186
85
32
53
139
246
323
333
271
167
71
31
65
158
264
330
327
255
148
59
31
79
177
280
336
319
237
130
48
34
93
197
294
338
308
217
112
40
40
110
216
307
338
296
199
96
35
47
128
235
313
335
282
179
80
33
57
146
253
326
331
265
160
66
30
69
167
271
333
323
246
139
53
32
85
186
287
337
314
228
121
44
36
101
206
301
338
303
209
104
37
43
118
225
312
337
289
189
88
33
52
136
243
322
334
274
170
73
31
63
155
261
329
328
258
151
61
31
76
174
277
335
320
240
133
50
34
91
193
292
338
310
221
115
41
38
107
213
305
338
298
202
98
35
47
124
231
316
336
285
183
82
32
56
143
249
325
332
269
163
69
30
67
161
266
332
326
251
145
57
32
81
180
282
336
317
234
126
47
35
96
200
297
338
306
214
109
39
41
113
219
309
338
293
195
92
34
49
131
238
319
335
279
176
77
31
60
149
256
327
330
262
156
64
30
72
168
272
334
323
245
138
53
33
86
188
288
337
313
227
120
44
37
102
207
301
338
301
204
103
38
43
119
226
313
337
288
188
87
32
53
137
244
325
334
273
169
73
31
64
156
262
330
327
254
148
59
31
79
177
280
336
319
237
129
48
34
93
197
294
338
308
218
112
40
40
110
216
307
338
296
199
94
34
47
128
235
318
336
281
179
80
31
57
145
253
326
331
265
160
66
30
69
165
270
333
324
248
141
55
32
83
184
285
337
315
230
123
45
36
99
204
299
338
304
212
106
38
42
116
223
311
338
291
192
90
33
50
134
241
321
335
276
172
75
31
61
152
259
329
329
258
153
61
31
74
172
275
335
321
243
135
51
33
89
191
290
338
311
224
117
42
38
105
211
303
338
299
205
100
36
45
122
230
315
337
286
185
84
32
55
140
248
324
333
271
165
70
30
66
159
265
331
326
254
150
58
31
79
178
280
336
318
236
129
48
34
94
198
295
338
307
217
111
40
40
111
217
308
338
295
197
94
34
48
128
236
318
336
281
178
79
31
58
147
254
327
331
265
159
65
30
72
168
273
334
323
245
138
53
32
86
188
288
337
313
227
120
43
37
101
207
301
338
302
208
103
37
44
119
226
313
337
288
188
87
32
53
137
244
323
334
273
169
73
30
64
156
262
330
328
257
150
60
31
77
175
281
335
320
239
132
50
33
92
195
292
338
309
220
114
41
39
108
214
305
338
297
201
97
35
46
125
233
316
337
283
182
81
32
56
144
250
325
332
267
162
68
30
68
163
268
332
325
250
143
56
32
82
182
283
337
316
232
125
46
35
98
201
297
338
305
213
107
39
41
114
220
309
338
292
194
92
33
49
132
239
320
335
278
175
76
31
60
150
257
328
330
262
155
64
31
73
169
274
334
322
244
137
52
33
87
189
288
337
313
226
119
43
37
102
208
302
338
301
207
102
37
44
120
227
313
337
287
187
86
32
53
138
246
323
329
272
168
72
30
65
157
265
331
327
254
143
58
31
79
178
281
336
318
235
128
48
35
94
198
295
338
307
217
111
40
40
111
217
308
338
294
198
94
34
48
129
236
318
336
281
178
79
31
58
147
254
327
331
265
159
66
30
71
166
271
333
324
248
140
54
32
84
185
286
337
314
229
122
45
36
100
205
300
338
303
210
105
38
43
117
224
312
338
292
190
89
33
52
135
242
322
334
275
172
75
31
62
154
260
330
329
258
152
62
31
75
173
276
335
321
241
134
51
33
90
192
291
337
310
223
116
42
38
106
212
304
338
298
203
99
36
45
123
231
315
336
285
184
83
32
55
141
249
325
335
269
164
69
30
67
160
266
331
326
253
149
58
31
80
180
282
336
317
234
127
47
35
95
199
296
338
307
216
109
39
40
112
218
309
338
294
197
93
34
49
130
237
319
336
280
177
78
31
59
148
255
328
330
261
156
64
30
73
169
274
334
322
244
137
52
33
87
189
289
337
312
225
118
43
37
103
208
302
338
301
207
102
37
44
120
228
313
337
287
187
86
33
53
138
245
323
333
272
168
72
30
65
157
263
330
328
256
149
59
31
78
176
279
336
319
238
131
49
34
93
196
294
338
309
219
113
41
39
109
215
306
338
296
200
96
35
47
127
234
317
336
282
180
81
31
57
145
252
326
332
266
161
67
30
69
164
269
333
325
249
142
56
32
83
183
284
337
315
231
124
46
35
98
202
298
338
304
213
107
38
42
115
221
310
338
291
193
90
33
50
133
240
320
335
277
173
76
31
61
152
258
328
329
261
154
63
31
73
171
274
334
322
243
136
52
33
88
190
289
338
312
225
118
43
37
104
209
302
338
300
201
101
36
44
121
229
314
337
287
186
85
32
54
139
246
324
333
271
166
71
30
67
161
266
331
326
252
146
57
32
80
179
282
336
317
234
127
47
34
95
199
296
338
307
216
110
39
40
112
219
308
338
294
196
93
34
48
130
237
318
335
280
177
78
31
59
148
254
327
330
264
157
65
31
72
167
271
333
323
246
139
53
33
85
187
287
337
317
228
121
44
37
101
206
301
338
302
209
104
37
43
118
225
312
337
289
189
88
33
52
136
244
322
334
274
170
73
30
63
155
261
329
329
258
151
62
31
76
174
277
335
320
240
132
50
34
93
193
292
338
310
221
115
41
38
107
212
305
338
298
202
98
37
46
124
232
316
336
284
182
83
32
56
143
250
325
332
268
163
68
30
67
162
267
332
326
252
144
57
32
81
181
282
336
317
233
126
47
35
96
201
297
338
306
215
109
39
40
113
220
309
338
293
196
92
34
49
131
238
320
335
278
176
77
31
60
149
258
329
330
261
154
63
30
74
171
274
334
322
243
136
52
33
88
190
289
338
312
225
118
43
37
104
209
303
338
300
205
101
36
44
121
228
314
337
286
186
85
32
54
140
246
323
333
271
167
71
30
65
159
264
331
327
255
148
59
31
79
178
280
336
319
237
129
49
34
93
195
294
338
308
218
111
40
40
110
216
307
340
295
198
95
34
48
128
235
318
336
281
179
80
31
58
146
253
326
332
265
160
67
31
69
165
270
333
324
249
141
55
32
82
185
285
337
315
230
123
45
36
99
204
301
338
304
211
106
38
42
116
223
311
338
290
192
90
33
51
134
241
321
334
276
172
75
31
62
153
259
329
329
260
154
62
28
75
172
276
334
321
242
134
51
33
89
191
290
338
311
223
115
42
38
105
211
303
338
299
204
100
36
45
122
230
315
337
285
185
84
32
55
141
248
324
333
270
163
69
30
67
162
267
332
326
251
144
57
31
81
181
282
336
317
233
126
47
35
97
201
297
338
306
215
108
39
41
113
220
309
338
293
195
92
34
49
130
238
320
335
278
176
77
31
60
150
256
328
330
262
157
64
30
72
169
273
334
323
245
138
53
32
86
188
288
337
313
227
120
44
37
102
207
301
338
301
208
103
37
44
119
226
313
337
288
188
87
32
53
137
245
322
334
273
169
73
31
64
156
262
330
328
256
150
60
31
77
175
278
335
320
238
131
49
34
90
195
293
338
309
220
113
41
39
109
214
306
338
297
201
97
35
46
126
233
317
336
283
181
81
31
56
144
251
326
332
267
165
68
30
68
163
268
332
325
250
144
56
32
81
182
283
336
318
232
125
46
35
97
202
297
338
305
214
108
38
41
114
221
312
338
292
194
91
33
49
132
239
320
335
278
174
77
31
56
143
250
325
332
268
163
69
30
68
162
267
331
325
251
144
57
32
81
181
283
336
317
233
126
47
35
96
201
297
338
306
214
109
39
41
113
220
309
338
293
195
92
34
50
131
238
320
335
279
176
77
31
60
150
257
328
330
262
157
64
30
73
168
273
336
323
245
137
53
32
87
188
288
337
313
227
119
44
37
102
207
301
339
302
207
103
37
44
120
226
313
337
288
188
86
33
53
137
245
323
334
274
169
72
30
64
156
262
330
328
257
150
60
31
77
175
278
335
320
239
131
49
34
92
195
293
338
309
220
113
41
39
109
214
306
338
297
201
97
35
46
126
233
317
336
283
181
82
31
56
144
251
326
332
267
162
67
30
68
163
268
332
325
250
143
56
32
82
182
284
337
316
232
125
46
39
97
201
298
338
305
213
108
39
41
114
221
310
338
292
194
92
33
50
132
239
320
334
274
171
74
32
62
154
260
329
329
258
152
61
31
75
173
276
335
321
241
133
50
34
90
193
291
337
310
222
116
42
38
106
212
304
338
298
203
98
35
45
123
231
315
336
285
184
83
32
56
142
249
325
332
269
164
69
30
67
161
266
331
326
252
146
57
31
81
180
282
336
317
234
127
47
35
95
199
296
338
306
215
109
39
40
112
219
309
338
294
196
93
34
49
130
237
319
336
279
176
78
31
59
148
255
327
331
263
158
65
30
72
167
272
333
323
246
139
53
32
85
187
287
337
313
228
121
44
36
101
205
301
338
302
209
103
37
43
118
226
313
337
289
189
88
33
52
137
244
322
334
269
170
73
30
63
155
261
330
328
257
150
61
31
76
175
277
335
320
240
132
50
33
91
194
292
337
310
221
114
41
38
107
213
305
338
298
202
97
35
46
125
232
316
337
284
182
81
31
57
145
252
326
332
266
161
67
31
69
164
269
333
325
249
142
55
32
83
184
285
337
315
231
124
46
36
99
203
298
339
304
212
106
38
42
115
222
310
338
291
193
90
33
51
133
241
321
334
277
173
71
31
61
152
259
329
329
260
154
63
31
74
171
275
334
322
243
135
52
33
88
190
290
338
312
224
113
43
37
104
210
303
338
300
205
101
36
45
121
228
314
337
286
186
85
32
54
140
247
324
333
271
168
71
30
66
158
264
331
327
254
147
59
31
79
178
280
336
318
237
129
48
34
94
197
294
338
308
217
112
40
40
110
216
307
338
295
198
95
35
48
128
235
318
336
281
179
80
31
57
146
253
327
332
265
160
66
30
70
165
270
333
324
248
141
55
32
84
185
286
337
315
230
123
45
36
100
204
299
338
303
211
105
38
43
117
223
311
338
290
187
89
33
51
134
244
322
334
274
169
73
31
63
155
261
330
328
257
151
61
31
76
174
277
335
320
240
132
50
33
91
193
292
338
310
221
115
41
38
107
213
305
338
298
202
98
36
46
124
232
316
337
284
183
82
32
56
143
250
325
332
268
163
68
31
67
161
267
332
325
251
144
56
32
81
181
283
336
317
233
126
47
35
97
200
297
338
306
214
108
39
41
113
220
309
338
293
195
92
33
49
131
238
319
335
278
175
77
31
59
149
256
328
330
262
156
64
30
72
169
273
334
323
245
138
53
33
86
188
288
337
313
226
120
44
37
103
207
301
341
301
207
102
37
44
120
226
313
337
288
188
86
32
53
138
245
322
334
273
169
72
30
64
156
263
330
328
256
150
60
31
77
175
278
335
319
238
131
49
34
95
195
293
338
309
220
113
41
39
109
215
306
338
297
200
97
35
46
126
233
317
336
281
179
79
31
58
146
253
326
331
265
160
66
30
70
165
270
333
324
248
141
55
32
84
185
286
337
315
230
123
45
36
99
204
299
338
304
211
105
38
42
116
223
311
338
290
192
89
33
51
135
242
321
335
275
172
74
30
62
153
260
329
329
259
153
61
31
75
172
276
334
321
241
134
51
33
89
191
290
338
311
225
116
42
38
105
211
304
338
299
204
99
36
45
122
230
315
337
285
185
84
32
54
141
248
324
333
270
165
70
30
66
160
265
331
326
253
146
58
31
80
179
281
336
318
235
128
48
34
94
198
296
341
307
217
110
40
40
111
218
308
338
294
197
94
34
49
129
236
318
336
280
178
79
31
59
147
254
327
331
264
158
66
31
71
166
271
333
324
247
139
54
32
85
186
286
337
314
232
121
44
36
101
205
300
338
303
210
107
37
43
117
224
310
337
289
190
88
32
53
138
245
323
334
273
168
72
31
64
156
263
330
328
256
149
60
31
77
176
278
335
320
238
131
49
34
92
195
293
338
309
220
113
41
39
108
214
305
338
297
201
97
35
47
126
233
317
336
283
181
81
31
57
144
252
326
332
267
162
68
30
68
163
268
328
325
250
143
56
32
82
182
284
337
317
232
125
46
35
97
202
298
338
305
213
107
38
41
114
221
310
338
292
194
91
33
50
133
240
320
335
277
174
76
31
61
150
257
328
330
261
155
63
31
73
170
274
334
322
244
136
52
33
88
189
289
337
312
225
118
43
37
104
209
302
340
301
206
101
37
40
121
228
314
337
285
186
86
32
53
138
246
323
333
272
168
71
30
65
158
263
330
327
255
149
59
31
78
177
279
336
319
237
130
49
34
93
196
294
338
308
218
112
40
40
110
216
306
338
296
200
96
34
47
127
234
318
336
280
177
79
31
58
147
254
327
331
264
158
65
30
71
166
271
333
323
247
140
54
32
85
186
286
337
314
229
121
44
36
101
205
300
338
302
209
105
37
43
117
225
312
337
289
190
89
33
51
136
243
322
334
274
170
73
30
63
154
261
330
328
258
154
61
31
76
173
277
335
320
240
133
51
33
90
193
291
337
310
221
115
42
38
107
212
305
338
299
203
98
36
45
124
231
316
337
284
183
83
32
56
142
250
325
332
269
164
69
31
67
161
266
331
326
252
145
57
31
81
180
282
336
317
234
127
47
35
96
200
296
338
306
215
109
39
41
113
219
309
338
294
196
93
34
49
130
238
319
335
279
177
78
31
59
148
255
328
330
263
157
65
31
72
168
272
333
323
245
138
53
32
86
187
287
337
313
227
120
44
37
102
207
301
338
302
209
103
37
43
118
225
312
337
288
186
86
32
54
139
246
323
333
272
167
72
30
65
158
264
331
327
255
149
59
31
78
177
280
335
319
237
130
49
34
93
196
294
338
308
218
112
41
40
109
215
306
338
296
199
95
35
47
127
234
317
336
282
180
81
31
57
145
253
326
332
266
160
67
30
69
164
269
333
325
248
142
55
32
83
184
285
337
315
231
123
46
36
99
203
298
338
304
212
106
38
42
116
222
311
338
291
192
90
33
50
134
241
321
335
276
173
76
31
61
152
258
329
329
260
154
62
31
74
171
275
334
321
243
135
52
33
88
190
290
337
312
224
118
42
38
105
210
301
338
300
205
100
39
45
122
229
314
337
286
185
85
32
54
140
247
324
333
271
166
71
31
65
161
264
331
327
254
147
58
31
79
178
280
336
318
236
129
48
34
94
198
295
338
308
217
112
40
40
110
217
307
338
295
198
95
34
49
130
238
319
335
279
176
78
31
59
149
255
327
330
263
157
65
31
72
168
272
333
323
246
138
53
32
86
187
287
337
313
227
121
44
37
101
206
301
338
302
208
103
37
43
120
225
312
337
288
190
87
33
52
137
241
322
334
274
170
74
31
63
155
262
330
328
257
150
60
31
76
175
278
335
320
239
132
50
34
91
194
292
338
310
221
114
41
38
108
213
305
338
297
202
97
35
46
125
232
316
336
283
182
82
32
56
143
251
325
332
268
163
68
31
68
162
267
332
326
251
144
56
31
81
181
283
336
316
233
126
46
35
97
201
297
338
305
214
108
39
41
114
220
311
338
293
194
92
35
49
131
238
320
338
278
175
77
31
60
150
257
328
330
262
156
63
30
73
169
273
334
323
245
137
53
33
86
188
288
337
313
226
119
44
37
102
208
302
338
301
207
102
37
44
120
227
313
337
286
185
84
32
54
140
248
324
333
271
166
71
30
66
158
264
331
327
254
147
58
31
79
178
281
336
318
236
129
48
34
94
197
295
338
308
217
111
40
40
110
217
307
338
295
198
94
34
48
128
236
318
336
281
178
79
31
58
147
253
327
331
265
159
66
30
70
165
270
333
324
248
141
54
32
84
185
285
337
315
229
122
45
36
100
205
299
338
303
210
105
38
42
117
223
311
338
290
191
89
33
51
135
242
321
334
275
172
74
31
62
153
262
329
329
259
153
61
31
75
173
276
334
321
241
134
51
33
89
192
291
338
310
223
116
42
38
105
211
304
338
299
204
99
36
45
123
230
315
337
285
184
83
32
55
141
245
324
332
270
165
69
30
67
160
266
331
326
253
146
58
31
80
179
281
336
317
235
128
48
35
95
199
295
338
307
216
109
40
40
112
218
308
338
294
196
92
33
50
132
239
319
335
278
175
77
31
60
149
257
328
330
262
156
64
30
72
169
273
334
323
245
137
53
33
87
189
289
337
313
226
119
44
37
103
207
302
338
301
208
102
37
44
120
228
313
337
288
187
86
32
53
138
245
323
333
273
168
72
30
64
156
262
330
328
256
150
60
31
77
176
279
335
322
238
132
49
34
92
195
293
338
309
219
113
41
39
109
214
306
338
297
201
96
35
47
126
234
317
336
283
181
81
32
56
145
252
326
332
267
162
68
30
69
163
269
332
325
250
142
56
32
83
182
284
336
316
232
125
46
35
98
202
298
338
305
213
106
38
42
115
221
310
338
292
193
90
33
50
133
240
320
335
277
174
76
31
61
151
258
329
329
261
155
63
30
73
170
274
334
324
244
136
52
33
87
189
289
337
312
225
118
43
37
104
209
302
338
300
206
101
37
44
121
230
315
337
285
184
84
32
54
141
248
324
333
269
165
69
30
66
160
266
331
326
253
146
57
31
80
179
281
336
317
234
128
47
35
95
199
295
338
309
216
110
40
40
111
218
308
338
294
197
94
34
48
129
236
318
336
280
177
79
31
59
148
255
327
330
264
158
66
30
74
166
272
333
323
247
139
54
32
85
186
287
337
314
229
121
45
36
101
206
300
338
302
209
104
37
41
118
225
312
337
290
190
88
33
52
136
243
322
334
274
170
73
31
63
154
261
329
328
258
151
61
31
76
173
277
335
323
241
133
50
33
91
193
291
338
310
221
115
42
38
107
212
305
338
298
202
98
35
46
124
231
315
336
284
183
82
32
56
142
249
325
332
269
163
69
30
68
161
266
332
326
252
144
57
31
81
181
282
336
317
234
127
47
36
96
200
296
338
306
215
109
39
41
113
219
309
338
292
193
91
33
50
133
240
320
335
277
174
76
31
61
151
258
328
329
261
155
63
31
73
170
274
334
322
244
136
53
33
88
189
289
337
312
225
118
43
37
104
209
302
338
300
206
101
36
44
121
228
314
337
287
186
85
32
53
139
246
323
333
271
167
71
30
65
158
263
330
327
255
148
59
31
78
177
280
335
319
237
130
49
34
93
197
294
338
308
218
112
41
40
109
216
307
338
296
199
96
35
47
127
235
321
335
282
180
80
32
57
146
252
326
332
266
160
66
30
69
165
269
333
325
249
142
55
32
83
184
285
337
315
230
124
45
36
99
203
299
338
304
212
106
38
42
116
223
311
338
289
192
90
33
50
133
241
321
335
276
173
75
31
61
152
258
329
329
260
154
63
30
74
171
275
335
321
243
135
51
33
88
191
290
338
312
224
117
43
38
104
210
303
339
300
205
100
36
46
124
231
316
337
284
183
83
32
55
142
249
325
332
269
164
69
30
67
161
266
332
326
252
145
57
31
81
181
282
336
317
234
127
46
35
96
200
296
334
306
215
109
39
40
113
219
308
338
293
196
92
34
49
131
238
319
335
279
176
78
31
59
149
256
327
330
263
157
65
30
72
168
272
333
323
245
138
53
32
85
187
287
337
313
227
120
43
37
102
203
301
338
302
208
102
37
43
119
226
313
337
288
189
87
32
52
137
244
322
334
274
169
73
31
64
155
261
330
328
257
150
60
31
76
174
278
335
319
240
132
50
34
91
194
292
338
309
220
114
41
39
107
213
305
338
299
201
98
35
46
125
232
316
336
283
181
82
31
56
143
251
325
332
268
162
68
30
68
162
267
332
325
251
144
56
32
81
181
283
336
316
233
125
46
35
97
201
297
338
305
214
108
39
41
114
220
311
338
291
192
90
33
50
134
241
321
334
276
173
75
31
61
152
259
329
329
260
154
62
31
74
172
275
334
321
242
136
51
33
89
190
290
338
311
224
117
40
38
105
210
303
337
300
205
100
36
45
122
229
315
337
286
185
84
32
54
140
247
324
333
271
166
71
30
66
159
265
331
327
254
147
58
31
79
178
280
336
318
236
129
48
35
94
198
295
338
308
217
111
40
40
111
217
307
338
295
198
94
34
48
129
235
318
336
281
179
79
31
58
147
254
327
331
264
159
66
